# Created by Octave 4.2.1, Fri Sep 29 16:56:15 2017 GMT <unknown@unknown>
# name: accuracy
# type: scalar
0.93


