# Created by Octave 4.2.1, Fri Sep 29 16:55:30 2017 GMT <unknown@unknown>
# name: W2
# type: matrix
# rows: 301
# columns: 10
 -5.933075731927491 -4.541701842720601 -5.299054171208081 -6.081984465427999 -4.606819548274077 -1.977978692704913 -7.109362858824338 -3.700099313201966 -8.792345652273665 -5.824912469444676
 -16.85684423063951 -6.501015076792245 16.17471970290101 5.754209557327725 -4.419238974678096 12.95240693097317 -22.08597696586993 -7.662294428785595 -20.44824700725022 3.201872280804983
 8.82200884417475 -11.94707943431906 8.08523774553661 -20.39944273298211 -11.07090507508125 -2.99336478039212 9.371124744981813 -8.369136018768618 4.286738411182097 -18.24354390318548
 7.9898973555881 -9.021318561813901 -19.76096795851662 -22.28303667642278 -3.776395381661202 15.50264403441864 11.37285425295904 -16.44298618592756 -8.080991713959502 9.118170519344313
 -14.28385361039964 14.0690458512407 -24.93280255276365 -15.79386956180123 -0.2285378872496437 -12.18322995774079 10.19937032843257 -16.35039701725333 13.6228481306991 17.94578234056517
 14.83691290957706 8.366651695378071 14.44478459919092 4.864111360412894 4.557346522197364 -28.25469459783011 -16.78504818245155 3.710100883991822 -28.79106448301367 -8.978347019237223
 -11.60735555197778 13.68375840221565 -17.39046730722467 -4.964403890799527 4.42506068989985 -13.68355167228371 -13.44537179366166 16.21622285415256 -29.98944306054468 11.40204231814445
 3.108424264253311 -10.35880319059766 -22.99048698138499 11.25293774100167 -11.06190161483385 11.17181429604594 0.9843588825832565 -1.030806977003323 -36.09238826477553 4.404120043974185
 10.90195706614568 -13.99866243422547 10.65252966778806 14.22564097289871 -7.592765579101178 -4.809294790408519 -17.25266815092492 12.09768454733036 -25.38390777243434 -28.70598321011893
 -12.35957797520621 3.909557909236985 -9.81911436887528 -13.88044445376842 11.65538705610165 0.6176794307821802 9.345164626975542 4.255109259692342 -10.00062418149436 -19.6277036053249
 -19.71145068381616 9.24089708540062 23.71913166602971 16.95408776245115 -9.830383614047854 -5.635939290684833 -19.95447062773028 0.09901194705922987 -25.01831134279432 -10.73956878966028
 1.985528520776929 1.330031783371591 -28.60937345944526 0.5263581347426035 -20.11408658577481 9.284568754768621 11.15496242445203 11.09845178284235 -12.47405576398755 -4.720707320595022
 -6.310967845074513 -10.4316326184375 -22.19619931858836 -22.19971064298378 7.485829791418135 22.53207410670391 4.450684959668159 9.886927989587456 -24.85829848337114 -1.674004310671806
 -22.8183386583065 -8.036688940463728 -22.60472991860324 -22.59409657627758 20.04706272269595 20.81614984921964 19.63872884447691 -1.144012346529741 2.343105684719293 -16.71328748648835
 -3.100793657790235 12.12941641582826 -4.755870248146837 15.05111477855579 -3.024329254530233 -8.712813190592946 -0.9845821979039215 -8.693849923668743 -25.63548698249911 -13.00749645636676
 3.072871838719316 -15.4038846798764 5.223339976185842 -24.78245959034257 -23.93306885751745 15.19019971090913 4.800527292791061 -18.48015819823508 4.448383666818723 12.43566943139735
 -1.544905740898428 -17.22876056915279 9.520358436145829 14.53684534978882 -6.981206811789852 -24.13772008685732 -16.36055683574606 -0.5999554091240948 -9.036931525642563 -6.380744810292821
 1.078602204130458 -27.65978902621616 2.795999245618273 5.62611269336989 1.946169828852324 0.7975947012884423 -17.85126442245619 -2.213476544738781 -1.279110990791997 -3.985643707858956
 -13.61026578358641 1.559580267295518 -2.114962739391927 -27.80524460873592 10.20110189901158 -29.55009866855157 9.219998254313431 5.137394889568998 9.111987834180852 0.9681724872738421
 -5.202391727774709 -13.53068943897781 -14.89885057272272 8.939177909870404 -13.56334159803773 2.666584352566246 -7.717187031878479 4.00744819945045 -21.69014803598258 16.60405694176446
 -2.031832547660146 -17.76493253394718 -15.5024843226401 17.8642121405571 9.23578952361845 9.096488770104113 -22.09126418809589 -16.76092872266791 -6.590065020636695 13.2079066213255
 -0.9438562698499076 10.23381693380831 -0.6617393003795067 -3.090506400178863 -24.20961817506803 9.654484775779297 8.080694513616963 -22.44846621344718 8.632492634176435 -19.6127613157903
 -13.02599658870678 18.49497092899168 -18.00589521809145 -13.49708512057919 18.31049534045328 3.084633512266203 -1.084879540298702 -6.297169956680367 -9.656504218152721 -5.770848583438792
 -21.34836279958306 11.03869572753169 -24.53009567745944 4.107777188022552 -5.70296660684538 -3.145561215526814 -15.43872129722309 13.15432951691015 4.163947974277029 -6.347492489600225
 0.6006792182640632 -1.98235103823078 -22.53760941273863 18.18049865144459 -9.675129572372375 -0.4186571999924762 -10.21329650142816 15.29808546287338 -26.73513611301049 -3.923547058502833
 -25.08098915968505 4.059453197736373 -9.258097297382122 -7.29462873633155 8.295713667477719 -20.03763547432768 1.01906207072629 -6.161785167116332 13.67923480061661 3.684534008939437
 -20.4785790196197 13.99460825374999 -11.83672569600944 -25.00016430536095 -13.22398504775053 11.10486666333984 -10.54156167039049 7.517873661519746 13.14734973963454 4.716821344067466
 -23.59232883826375 11.70625003691978 -19.01709914623704 -16.63565722273625 0.04925973400226134 8.379521840869565 -18.14111770010943 7.833657419400331 22.07508244004996 -0.8075562460216176
 -0.6966174005420375 9.792020169451527 -23.09523226250698 -14.30493223530645 -21.41102455017803 12.97976175520196 11.04824733405601 -7.213217740959788 2.282360015412457 -4.91357417225634
 -5.204644503410049 8.523834292760979 -8.075800136147743 -0.4506610336837631 11.25108234138633 -8.80266250340048 2.851842619077557 -27.47898623786695 -3.618319493306058 -9.310698715178825
 -21.45981013012038 -11.64111826987755 9.052074515686604 -12.6014638803293 10.6849438926323 5.074526760840055 3.914115801633664 -25.95220934651278 -3.743503210011568 20.14503177196573
 4.822439775875254 -15.33983293149464 14.31808479153193 14.98194159372079 16.94762753348896 -34.24727689063463 0.006679203270395116 -4.146413562365389 -5.840089890328052 -24.33490035075676
 5.126804290959034 -16.49982002195282 8.443231412219861 -3.293133018969562 -18.73330878995655 9.601571002388887 11.31025846331748 -14.20394778786559 -13.15785238640801 -11.58789545391195
 -19.6921032436908 5.827241157024286 -27.65259336077856 8.5387976870724 0.538922700578053 9.573066240838513 -21.74929515066074 2.042224372030243 13.9542702877772 -6.378272289053186
 0.564756241326654 -27.52326069142866 5.926835153028196 12.22635216068103 -0.8778732980635542 -26.48727575242164 -2.286010288014769 5.933944457773763 -2.965952383414291 -13.31801674493673
 -28.48742347706158 -3.331294435480759 -0.4154486002060713 8.649125021705157 -15.77897883912454 8.90433913488881 3.673186771851883 -20.10609753015067 -2.378383466409743 6.94432200993147
 -24.9217936681158 1.784156760739245 12.09143183323039 -0.5555543906982343 -12.22266710319552 -6.32499994437491 -14.90513011568917 -4.489243133931499 14.84119353154606 2.273182783732326
 5.058662086673289 -11.84990881515192 19.00996063149071 -10.1622343669296 -10.56353146781506 -23.92591995371835 -2.917678509318711 10.61720477366783 5.268546884070144 -27.81983387686536
 -28.03658913294603 14.38020395759897 6.202934529245168 -2.241496119627016 -9.499943642010745 12.13660861406807 17.1191999823664 -16.73152518797399 -14.38998879787108 -9.858165063319358
 -15.9821031723687 13.04548612972401 -13.00209929187745 28.10835601375447 -1.248654648842072 -36.16166084604178 -9.608735596824687 13.305598175227 -14.84251546779701 -1.412328733698972
 -2.337271528865951 -27.00130482370745 -6.184977677748695 5.857851986358928 -6.503724501454004 -6.886113374776939 -1.854596493051082 -1.539604318087924 -0.2875909087928442 -10.23011476403517
 5.780186935438117 -18.65375441350149 8.65379529490202 13.25182347511974 -17.99529854987851 -19.61218901107044 13.54019276040362 -13.37235335366853 10.62309787204004 -10.2390397712873
